4
Zezinho
100 123 133 333 400 300 129 200 360 340 200 600
Luizinho
60 50 120 250 170 190 190 220 260 270 290 300
Carlinhos
10 10 20 10 10 10 10 20 20 20 20 20
Joaozinho
200 300 400 400 500 500 500 600 650 650 700 810
3
Pedrinho
100 100 200 200 300 300 400 400 500 500 600 600
Huguinho
50 100 200 200 300 300 500 500 400 400 600 700
Zezinho
100 100 100 100 100 100 100 100 100 100 100 100
3
Mariana
1 1 1 1 1 1 1 1 1 1 1 1
Adriana
1 1 1 1 1 1 1 1 1 1 1 1
Variana
1 1 1 1 1 1 1 1 1 1 1 1
5
Aninha
100 100 100 100 100 100 100 100 100 100 100 100
Luizinha
40 100 200 300 50 50 100 100 100 100 100 100
Silvinha
0 100 100 100 100 100 1000 100 100 100 100 100
Julia
90 90 90 90 90 90 110 110 110 110 110 110
Natalia
0 0 0 0 1000 0 0 0 0 0 0 1000
7
Primeiro
123 532 324 242 322 858 938 858 395 89 283 874
Segundo
123 532 324 242 322 858 938 858 395 89 283 874
Terceiro
123 532 324 242 322 85 938 58 395 89 283 874
Quarto
123 532 324 242 322 85 938 58 395 89 283 874
Antepenultimo
12 52 324 242 322 85 938 58 395 89 283 874
Ultimo
12 52 324 242 322 85 938 58 395 89 283 874
Depoisdoultimo
0 0 0 0 0 0 0 0 0 0 0 0
0

